x = [
	40
	80
	160
	320
	640
	1280
	2560
	5120
	10240
];
y = [
	-44 -40
	-68 -64
	-82 -78
	-90 -88
	-96 -102
	-108 -104
	-112 -116
	-108 -106
	-104 -102
];
