x = [
	40
	80
	160
	320
	640
	1280
	2560
	5120
	10240
];
y = [
	-54 -50
	-70 -72
	-86 -84
	-96 -98
	-106 -104
	-106 -106
	-112 -108
	-98 -96
	-82 -92
];
